0.png
0	0	0	0	0	0	0	0	0	0	0	0	0	0	0	0	0	0	0	0	0	0	0	0	0	0	0	0	0	0	30	46	58	62	82	78	90	100	116	122	118	142	138	162	151	158	178	174	198	190	218	210	180	185	152	179	154	140	150	138	155	132	144	145	139	166	146	161	196	189	180	178	189	177	169	166	165	145	144	134	135	113	114	89	65	44	0	0	0	0	0	0	0	0	0	0	0	0	0	0	0	0	0	0	0	0	0	0	0	0	0	0	0	0	0	0	0	0	0	0	0	0	0	0	0	0	0	0	0	0	0	0	0	0	0	0	0	0	0	0	0	0	0	0	0	0	0	0	0	0	0	0	0	0	0	0	0	0	0	0	0	0	0	0	0	0	0	0	0	0	0	0	0	0	0	0	0	0	0	0	0	0	0	0	0	0	0	0	0	0	0	0	0	0	0	0	0	0	0	0	0	0	0	0	
1.png
1	8	16	20	24	40	36	48	56	56	68	64	71	75	60	58	52	60	58	52	52	58	50	52	50	56	54	50	50	52	50	54	54	50	50	50	50	52	50	50	50	54	50	52	50	50	50	50	53	57	64	61	64	65	67	72	72	75	74	79	80	86	83	86	85	92	87	89	92	87	88	80	76	65	62	57	54	52	49	47	47	47	46	46	46	49	58	66	74	80	65	73	77	85	87	89	94	101	98	97	95	100	95	93	68	57	46	38	28	24	17	10	6	1	0	0	0	0	0	0	0	0	0	0	0	0	0	0	0	0	0	0	0	0	0	0	0	0	0	0	0	0	0	0	0	0	0	0	0	0	0	0	0	0	0	0	0	0	0	0	0	0	0	0	0	0	0	0	0	0	0	0	0	0	0	0	0	0	0	0	0	0	0	0	0	0	0	0	0	0	0	0	0	0	0	0	0	0	0	0	0	0	0	0	0	0	0	0	0	0	0	0	0	0	0	0	0	0	0	0	0	0	0	0	0	0	0	0	0	0	
2.png
0	0	0	0	0	0	0	0	2	7	12	15	21	25	28	30	32	39	43	45	48	56	53	56	61	71	73	71	73	78	66	67	59	60	62	55	56	54	61	58	52	57	55	57	55	53	54	54	55	52	58	55	49	57	49	62	54	54	56	57	63	58	62	63	65	71	85	100	120	116	117	117	125	120	140	147	160	155	163	165	177	169	168	161	151	139	130	116	111	119	109	114	113	117	87	71	64	60	50	45	34	33	28	20	15	10	6	2	0	0	0	0	0	0	0	0	0	0	0	0	0	0	0	0	0	0	0	0	0	0	0	0	0	0	0	0	0	0	0	0	0	0	0	0	0	0	0	0	0	0	0	0	0	0	0	0	0	0	0	0	0	0	0	0	0	0	0	0	0	0	0	0	0	0	0	0	0	0	0	0	0	0	0	0	0	0	0	0	0	0	0	0	0	0	0	0	0	0	0	0	0	0	0	0	0	0	0	0	0	0	0	0	0	0	0	0	0	0	0	0	
3.png
1	8	11	13	15	23	21	27	31	25	29	27	32	36	33	35	26	28	25	25	25	28	26	26	27	27	30	26	29	31	32	35	32	32	35	32	35	34	43	41	37	46	45	50	46	45	51	47	56	49	59	53	50	66	54	66	59	63	72	66	76	70	83	100	113	178	196	208	216	195	205	190	207	199	191	189	195	182	179	170	180	159	122	71	42	8	0	0	0	0	0	0	0	0	0	0	0	0	0	0	0	0	0	0	0	0	0	0	0	0	0	0	0	0	0	0	0	0	0	0	0	0	0	0	0	0	0	0	0	0	0	0	0	0	0	0	0	0	0	0	0	0	0	0	0	0	0	0	0	0	0	0	0	0	0	0	0	0	0	0	0	0	0	0	0	0	0	0	0	0	0	0	0	0	0	0	0	0	0	0	0	0	0	0	0	0	0	0	0	0	0	0	0	0	0	0	0	0	0	0	0	0	0	0	
4.png
0	0	0	0	0	0	0	7	13	15	19	19	27	31	31	35	35	45	45	47	49	72	79	89	92	102	107	99	100	120	114	133	126	136	152	140	157	155	161	152	141	140	126	134	123	120	127	119	123	112	123	103	90	98	82	94	82	85	83	85	84	80	71	65	62	61	57	57	63	55	52	51	56	52	51	50	52	47	48	43	51	45	36	33	29	26	17	11	6	5	1	0	0	0	0	0	0	0	0	0	0	0	0	0	0	0	0	0	0	0	0	0	0	0	0	0	0	0	0	0	0	0	0	0	0	0	0	0	0	0	0	0	0	0	0	0	0	0	0	0	0	0	0	0	0	0	0	0	0	0	0	0	0	0	0	0	0	0	0	0	0	0	0	0	0	0	0	0	0	0	0	0	0	0	0	0	0	0	0	0	0	0	0	0	0	0	0	0	0	0	0	0	0	0	0	0	0	0	0	0	0	0	
5.png
0	0	0	0	0	1	2	11	15	18	23	22	31	36	35	40	40	51	52	55	58	69	66	72	76	69	67	56	54	62	56	64	64	62	70	64	71	72	79	79	75	88	76	81	72	69	77	69	79	66	75	70	66	77	62	77	64	65	69	67	72	68	72	74	73	84	92	109	130	122	150	157	173	171	169	170	176	166	168	163	177	167	166	153	154	139	132	113	106	79	58	49	43	38	30	23	17	14	10	7	4	2	0	0	0	0	0	0	0	0	0	0	0	0	0	0	0	0	0	0	0	0	0	0	0	0	0	0	0	0	0	0	0	0	0	0	0	0	0	0	0	0	0	0	0	0	0	0	0	0	0	0	0	0	0	0	0	0	0	0	0	0	0	0	0	0	0	0	0	0	0	0	0	0	0	0	0	0	0	0	0	0	0	0	0	0	0	0	0	0	0	0	0	0	0	0	0	0	0	0	0	0	
6.png
0	0	0	5	7	17	15	21	25	25	32	30	38	47	45	50	51	63	65	51	48	50	45	45	45	50	48	43	42	45	43	44	47	48	58	61	69	74	87	89	85	101	100	114	109	112	122	119	137	132	152	150	140	150	123	141	122	121	128	118	132	128	133	139	137	158	139	148	165	154	153	148	151	140	130	123	119	100	96	82	77	63	57	34	24	25	1	0	0	0	0	0	0	0	0	0	0	0	0	0	0	0	0	0	0	0	0	0	0	0	0	0	0	0	0	0	0	0	0	0	0	0	0	0	0	0	0	0	0	0	0	0	0	0	0	0	0	0	0	0	0	0	0	0	0	0	0	0	0	0	0	0	0	0	0	0	0	0	0	0	0	0	0	0	0	0	0	0	0	0	0	0	0	0	0	0	0	0	0	0	0	0	0	0	0	0	0	0	0	0	0	0	0	0	0	0	0	0	0	0	
7.png
1	8	15	15	18	27	24	29	33	33	39	37	46	53	49	54	54	65	66	60	54	59	51	51	49	53	51	43	44	48	48	48	44	46	49	42	46	43	50	45	43	48	47	48	43	42	45	42	48	40	49	46	41	47	42	52	43	43	44	45	47	44	43	47	44	46	43	45	49	42	43	42	47	46	43	45	45	42	43	43	73	81	91	96	100	105	108	105	108	120	108	114	113	121	118	117	119	128	124	124	89	85	75	60	57	49	47	39	30	25	25	16	11	7	3	1	0	0	0	0	0	0	0	0	0	0	0	0	0	0	0	0	0	0	0	0	0	0	0	0	0	0	0	0	0	0	0	0	0	0	0	0	0	0	0	0	0	0	0	0	0	0	0	0	0	0	0	0	0	0	0	0	0	0	0	0	0	0	0	0	0	0	0	0	0	0	0	0	0	0	0	0	0	0	0	0	0	0	0	0	0	0	0	0	0	0	
8.png
1	8	16	20	24	39	28	35	38	38	45	41	50	55	47	45	43	53	56	52	56	63	60	64	64	76	74	68	63	75	72	78	75	77	88	74	86	79	92	88	79	93	91	103	92	90	102	94	116	99	114	112	101	126	108	127	115	115	133	119	142	124	133	146	132	168	143	166	192	199	230	213	226	216	209	200	203	188	184	168	173	155	140	120	76	31	28	1	0	0	0	0	0	0	0	0	0	0	0	0	0	0	0	0	0	0	0	0	0	0	0	0	0	0	0	0	0	0	0	0	0	0	0	0	0	0	0	0	0	0	0	0	0	0	0	0	0	0	0	0	0	0	0	0	0	0	0	0	0	0	0	0	0	0	0	0	0	0	0	0	0	0	0	0	0	0	0	0	0	0	0	0	0	0	0	0	0	0	0	0	0	0	0	0	0	0	0	0	0	0	0	0	0	0	0	0	0	0	0	0	0	0	0	0	0	0	
9.png
0	0	0	5	7	16	14	20	24	24	32	30	39	46	45	49	49	62	65	65	53	54	46	46	46	50	47	43	42	45	46	46	47	48	59	61	67	74	84	88	83	101	101	113	109	111	123	119	137	127	146	145	135	156	138	138	124	121	129	123	136	123	134	134	129	154	141	151	170	150	160	153	161	149	138	131	128	112	113	106	95	79	74	58	36	13	0	0	0	0	0	0	0	0	0	0	0	0	0	0	0	0	0	0	0	0	0	0	0	0	0	0	0	0	0	0	0	0	0	0	0	0	0	0	0	0	0	0	0	0	0	0	0	0	0	0	0	0	0	0	0	0	0	0	0	0	0	0	0	0	0	0	0	0	0	0	0	0	0	0	0	0	0	0	0	0	0	0	0	0	0	0	0	0	0	0	0	0	0	0	0	0	0	0	0	0	0	0	0	0	0	0	0	0	0	0	
A.png
0	0	0	0	0	0	0	0	0	0	0	0	0	0	3	10	22	34	44	52	70	90	94	103	115	138	149	141	151	177	174	196	188	196	203	164	174	142	145	127	111	118	106	108	94	88	92	87	95	87	95	86	78	91	80	88	79	79	88	72	84	76	78	75	68	78	66	74	68	64	73	63	48	40	44	42	39	47	40	43	42	41	43	40	41	44	39	43	38	38	36	29	27	23	19	16	15	11	6	3	0	0	0	0	0	0	0	0	0	0	0	0	0	0	0	0	0	0	0	0	0	0	0	0	0	0	0	0	0	0	0	0	0	0	0	0	0	0	0	0	0	0	0	0	0	0	0	0	0	0	0	0	0	0	0	0	0	0	0	0	0	0	0	0	0	0	0	0	0	0	0	0	0	0	0	0	0	0	0	0	0	0	0	0	0	0	0	0	0	0	0	0	0	0	0	0	0	0	0	0	0	0	0	0	
B.png
1	8	16	20	20	33	27	34	38	37	45	42	50	59	55	59	60	68	64	58	57	62	57	56	58	62	62	57	58	62	60	63	61	63	66	62	68	65	72	69	66	78	71	81	80	83	94	94	107	105	119	121	115	133	127	158	143	150	155	158	175	173	180	189	188	223	207	207	224	203	223	211	237	225	224	229	226	232	220	227	230	210	221	189	191	170	151	147	107	121	93	93	83	75	77	64	58	59	48	46	40	34	32	25	22	16	14	9	4	1	0	0	0	0	0	0	0	0	0	0	0	0	0	0	0	0	0	0	0	0	0	0	0	0	0	0	0	0	0	0	0	0	0	0	0	0	0	0	0	0	0	0	0	0	0	0	0	0	0	0	0	0	0	0	0	0	0	0	0	0	0	0	0	0	0	0	0	0	0	0	0	0	0	0	0	0	0	0	0	0	0	0	0	0	0	0	0	0	0	0	0	0	0	0	0	0	
C.png
0	0	0	0	0	0	0	0	0	0	0	0	0	0	0	0	0	0	0	0	0	0	0	0	0	0	0	0	0	0	0	0	0	0	0	0	0	0	0	0	0	0	20	33	46	51	61	67	75	77	93	92	93	111	107	134	128	142	149	158	176	177	168	175	183	216	215	239	257	223	238	211	227	205	195	186	171	158	137	107	106	73	52	37	20	7	3	1	0	0	0	0	0	0	0	0	0	0	0	0	0	0	0	0	0	0	0	0	0	0	0	0	0	0	0	0	0	0	0	0	0	0	0	0	0	0	0	0	0	0	0	0	0	0	0	0	0	0	0	0	0	0	0	0	0	0	0	0	0	0	0	0	0	0	0	0	0	0	0	0	0	0	0	0	0	0	0	0	0	0	0	0	0	0	0	0	0	0	0	0	0	0	0	0	0	0	0	0	0	0	0	0	0	0	0	0	
D.png
0	0	0	0	0	0	0	0	0	0	0	0	0	0	0	0	0	0	0	0	0	0	0	0	0	0	0	0	0	0	0	0	0	0	0	0	17	30	35	44	46	56	62	74	74	78	91	91	107	123	154	159	162	190	189	228	216	236	241	230	231	224	224	226	223	240	229	234	259	230	249	213	227	210	197	190	189	188	170	172	160	143	153	126	130	117	106	108	83	101	80	76	74	56	70	52	54	46	38	40	31	30	24	17	18	10	5	4	0	0	0	0	0	0	0	0	0	0	0	0	0	0	0	0	0	0	0	0	0	0	0	0	0	0	0	0	0	0	0	0	0	0	0	0	0	0	0	0	0	0	0	0	0	0	0	0	0	0	0	0	0	0	0	0	0	0	0	0	0	0	0	0	0	0	0	0	0	0	0	0	0	0	0	0	0	0	0	0	0	0	0	0	0	0	0	0	0	0	0	0	0	0	0	0	0	0	
E.png
1	8	11	13	15	23	21	27	31	31	37	35	43	49	47	51	51	61	63	63	65	75	71	73	79	72	70	60	58	64	58	64	56	58	60	54	56	56	58	56	54	56	56	56	56	52	54	45	37	35	35	30	27	26	26	37	39	46	46	48	55	61	63	69	71	79	79	83	95	91	93	99	107	111	109	117	119	125	121	131	135	131	149	160	188	173	194	212	206	242	230	248	256	264	278	270	286	306	298	316	299	326	310	300	314	300	322	304	298	273	259	263	208	190	182	158	140	130	122	110	96	83	78	73	64	58	54	52	43	42	36	29	28	23	17	13	11	5	3	1	0	0	0	0	0	0	0	0	0	0	0	0	0	0	0	0	0	0	0	0	0	0	0	0	0	0	0	0	0	0	0	0	0	0	0	0	0	0	0	0	0	0	0	0	0	0	0	0	0	0	0	0	0	0	0	0	0	0	0	0	0	0	0	0	0	0	0	0	0	0	0	0	0	0	0	0	0	0	0	0	0	0	0	0	0	0	0	0	0	0	0	0	0	0	0	0	0	0	0	0	0	0	0	0	
F.png
0	0	0	0	0	0	0	0	0	0	0	9	13	21	21	25	27	35	35	39	41	49	47	49	55	61	65	61	63	75	73	83	77	83	93	83	78	68	78	66	58	68	60	68	57	50	73	68	76	71	77	72	71	71	70	76	73	78	75	85	87	93	93	99	97	111	103	115	119	111	129	117	137	108	100	98	90	98	82	88	84	76	90	72	84	76	70	84	66	80	70	101	113	107	135	127	139	142	140	155	144	159	148	140	149	140	142	139	129	133	131	129	128	125	131	94	79	76	64	57	49	40	38	31	27	24	20	21	17	13	12	9	7	5	2	0	0	0	0	0	0	0	0	0	0	0	0	0	0	0	0	0	0	0	0	0	0	0	0	0	0	0	0	0	0	0	0	0	0	0	0	0	0	0	0	0	0	0	0	0	0	0	0	0	0	0	0	0	0	0	0	0	0	0	0	0	0	0	
G.png
0	0	0	0	0	0	0	1	4	5	7	7	11	13	13	15	15	20	20	21	22	27	22	21	22	22	23	19	19	21	20	20	20	19	21	18	19	19	20	39	48	60	68	74	80	83	97	103	117	121	141	143	144	167	164	202	191	203	215	201	217	198	199	198	188	213	193	207	217	199	209	189	199	181	163	158	138	133	107	105	97	69	72	49	46	28	20	19	11	7	3	0	0	0	0	0	0	0	0	0	0	0	0	0	0	0	0	0	0	0	0	0	0	0	0	0	0	0	0	0	0	0	0	0	0	0	0	0	0	0	0	0	0	0	0	0	0	0	0	0	0	0	0	0	0	0	0	0	0	0	0	0	0	0	0	0	0	0	0	0	0	0	0	0	0	0	0	0	0	0	0	0	0	0	0	0	0	0	0	0	0	0	0	0	0	0	0	0	0	0	0	0	0	0	0	0	0	0	0	0	0	0	0	0	
H.png
1	8	16	15	17	25	23	29	33	33	39	37	45	51	49	53	53	63	65	65	54	58	50	48	52	50	52	46	46	48	48	48	46	46	50	44	44	46	48	46	44	46	53	64	71	74	81	94	98	110	124	130	130	140	146	166	164	172	178	184	202	200	212	214	208	248	199	188	186	152	174	142	168	146	144	146	130	158	122	144	132	114	150	116	138	124	116	138	104	138	116	122	120	110	126	116	110	128	112	114	109	100	96	78	74	58	52	46	32	26	16	10	1	0	0	0	0	0	0	0	0	0	0	0	0	0	0	0	0	0	0	0	0	0	0	0	0	0	0	0	0	0	0	0	0	0	0	0	0	0	0	0	0	0	0	0	0	0	0	0	0	0	0	0	0	0	0	0	0	0	0	0	0	0	0	0	0	0	0	0	0	0	0	0	0	0	0	0	0	0	0	0	0	0	0	0	0	0	0	0	0	0	0	0	0	0	0	0	0	0	0	0	0	0	0	0	0	0	0	0	0	0	0	0	0	0	0	0	
I.png
1	8	16	20	24	40	36	48	56	56	68	64	80	92	77	81	77	80	72	68	66	72	62	64	62	70	66	60	62	64	62	64	64	60	64	60	60	64	60	62	60	64	60	64	62	60	60	60	60	60	66	60	60	60	60	60	60	62	60	60	60	64	60	60	60	62	60	60	60	60	60	60	64	60	60	60	60	60	60	60	60	60	60	60	60	64	60	60	60	60	60	60	78	94	110	122	134	150	162	174	176	184	178	174	182	182	178	180	174	178	174	186	151	102	90	60	46	40	18	9	1	0	0	0	0	0	0	0	0	0	0	0	0	0	0	0	0	0	0	0	0	0	0	0	0	0	0	0	0	0	0	0	0	0	0	0	0	0	0	0	0	0	0	0	0	0	0	0	0	0	0	0	0	0	0	0	0	0	0	0	0	0	0	0	0	0	0	0	0	0	0	0	0	0	0	0	0	0	0	0	0	0	0	0	0	0	0	0	0	0	0	0	0	0	0	0	0	0	0	0	0	0	0	0	0	0	0	0	0	0	0	0	0	0	0	0	0	0	0	0	0	0	0	0	
J.png
0	0	0	0	0	0	0	0	0	0	0	0	0	0	0	0	0	0	0	0	0	0	0	0	0	0	0	0	15	21	27	33	37	39	47	47	51	55	63	63	61	75	71	83	79	79	89	87	99	93	107	82	70	82	66	78	67	63	69	62	70	61	66	67	60	73	63	81	117	132	144	139	153	147	143	143	144	138	138	135	141	134	133	129	123	104	86	70	32	26	20	17	14	13	9	7	5	2	0	0	0	0	0	0	0	0	0	0	0	0	0	0	0	0	0	0	0	0	0	0	0	0	0	0	0	0	0	0	0	0	0	0	0	0	0	0	0	0	0	0	0	0	0	0	0	0	0	0	0	0	0	0	0	0	0	0	0	0	0	0	0	0	0	0	0	0	0	0	0	0	0	0	0	0	0	0	0	0	0	0	0	0	0	0	0	0	0	0	0	0	0	0	0	0	0	0	0	0	0	0	0	0	0	0	0	0	
K.png
0	0	0	0	0	0	0	0	0	0	0	0	0	1	7	14	18	23	25	29	32	39	37	44	57	75	85	80	83	95	95	107	106	111	121	112	124	117	119	112	106	111	104	101	88	81	80	82	78	77	81	73	78	81	83	94	97	108	102	110	114	124	124	128	128	139	137	139	157	145	153	149	167	165	167	145	136	137	124	127	129	114	129	110	120	114	113	119	102	117	99	100	96	83	88	74	73	74	61	73	56	63	50	47	46	35	37	29	25	23	15	13	9	4	3	0	0	0	0	0	0	0	0	0	0	0	0	0	0	0	0	0	0	0	0	0	0	0	0	0	0	0	0	0	0	0	0	0	0	0	0	0	0	0	0	0	0	0	0	0	0	0	0	0	0	0	0	0	0	0	0	0	0	0	0	0	0	0	0	0	0	0	0	0	0	0	0	0	0	0	0	0	0	0	0	0	0	0	0	0	0	0	0	0	0	0	
L.png
0	0	0	0	0	0	0	0	0	0	0	0	0	0	0	0	0	0	0	0	0	0	0	0	0	0	0	0	0	0	0	0	0	0	0	0	0	0	0	0	0	0	0	0	0	0	19	27	33	41	49	49	55	57	61	71	71	77	75	85	87	93	93	99	97	111	103	115	119	111	129	117	112	98	94	90	84	94	76	84	78	72	86	68	80	72	68	80	62	105	103	119	125	119	145	133	149	149	153	165	151	160	151	140	152	142	142	141	131	133	132	131	127	93	86	70	58	60	46	43	34	28	27	25	20	19	15	14	11	8	7	4	2	0	0	0	0	0	0	0	0	0	0	0	0	0	0	0	0	0	0	0	0	0	0	0	0	0	0	0	0	0	0	0	0	0	0	0	0	0	0	0	0	0	0	0	0	0	0	0	0	0	0	0	0	0	0	0	0	0	0	0	0	0	0	0	0	0	0	0	0	0	0	0	0	0	0	0	0	0	0	0	0	0	0	0	0	0	0	0	0	0	0	0	0	0	0	0	0	0	0	0	0	0	0	0	0	0	0	0	0	0	0	0	0	0	
M.png
0	5	10	13	18	31	29	40	46	47	57	53	69	76	73	81	80	97	91	78	72	75	61	58	61	63	62	54	50	56	54	40	33	39	36	32	39	34	41	36	32	42	35	42	32	34	38	32	39	33	38	59	82	102	111	132	134	148	149	166	172	185	184	197	202	214	218	223	250	237	246	224	248	227	228	199	197	205	170	186	179	160	182	153	179	164	151	175	137	171	145	148	151	126	150	122	126	123	102	115	91	105	82	72	70	53	53	46	37	37	30	25	22	17	13	9	5	2	1	0	0	0	0	0	0	0	0	0	0	0	0	0	0	0	0	0	0	0	0	0	0	0	0	0	0	0	0	0	0	0	0	0	0	0	0	0	0	0	0	0	0	0	0	0	0	0	0	0	0	0	0	0	0	0	0	0	0	0	0	0	0	0	0	0	0	0	0	0	0	0	0	0	0	0	0	0	0	0	0	0	0	0	0	0	0	0	0	0	0	0	0	0	0	0	0	0	0	0	
N.png
1	8	16	20	24	40	33	42	44	42	48	43	54	59	57	52	49	53	50	45	44	49	45	43	44	47	46	42	40	45	43	46	44	43	48	40	45	43	46	43	39	44	44	65	88	101	111	126	133	143	162	167	165	177	179	207	201	211	210	224	237	238	248	253	224	250	196	203	206	171	191	165	188	168	163	167	154	176	144	163	156	137	167	132	156	139	134	147	120	151	129	130	133	123	130	123	116	129	110	105	94	90	82	66	62	50	40	34	20	16	7	3	0	0	0	0	0	0	0	0	0	0	0	0	0	0	0	0	0	0	0	0	0	0	0	0	0	0	0	0	0	0	0	0	0	0	0	0	0	0	0	0	0	0	0	0	0	0	0	0	0	0	0	0	0	0	0	0	0	0	0	0	0	0	0	0	0	0	0	0	0	0	0	0	0	0	0	0	0	0	0	0	0	0	0	0	0	0	0	0	0	0	0	0	0	0	0	0	0	0	0	0	0	0	0	0	0	0	0	0	0	0	0	0	0	0	
O.png
0	0	0	0	0	0	0	0	0	0	0	0	0	0	0	0	0	0	0	0	0	0	0	0	0	0	0	0	0	0	0	0	0	0	0	0	0	0	0	0	0	0	0	0	0	20	53	76	94	110	128	146	158	192	187	236	231	245	273	321	392	388	392	400	382	362	298	297	290	246	257	219	231	198	161	73	30	5	0	0	0	0	0	0	0	0	0	0	0	0	0	0	0	0	0	0	0	0	0	0	0	0	0	0	0	0	0	0	0	0	0	0	0	0	0	0	0	0	0	0	0	0	0	0	0	0	0	0	0	0	0	0	0	0	0	0	0	0	0	0	0	0	0	0	0	0	0	0	0	0	0	0	0	0	0	0	0	0	0	0	0	0	0	0	0	0	0	0	0	0	0	0	0	0	0	0	0	0	0	0	0	0	0	0	0	0	0	0	0	0	0	0	0	0	0	0	0	0	0	0	0	0	0	0	
P.png
1	8	16	20	24	40	36	41	44	41	47	42	44	49	39	39	37	42	40	38	38	42	39	38	40	40	40	38	37	42	39	42	40	41	42	37	43	40	46	49	52	63	63	74	74	74	85	86	93	94	103	105	101	118	108	135	118	125	135	130	125	108	107	106	97	108	96	103	104	95	108	96	105	101	106	112	109	125	111	123	115	110	122	107	109	105	94	93	84	80	74	65	55	53	45	39	35	35	29	27	21	22	19	14	13	10	8	6	3	1	0	0	0	0	0	0	0	0	0	0	0	0	0	0	0	0	0	0	0	0	0	0	0	0	0	0	0	0	0	0	0	0	0	0	0	0	0	0	0	0	0	0	0	0	0	0	0	0	0	0	0	0	0	0	0	0	
Q.png
0	0	0	0	0	0	0	0	0	0	0	0	0	0	0	0	0	0	0	0	0	0	0	0	0	0	0	0	0	0	0	0	0	20	47	68	85	95	126	133	137	165	167	185	184	185	204	206	217	177	164	144	135	130	112	119	102	102	103	91	99	91	93	94	88	106	96	108	128	129	132	119	131	124	116	112	114	105	102	90	96	78	64	34	32	34	28	27	22	22	19	16	14	10	10	6	3	1	0	0	0	0	0	0	0	0	0	0	0	0	0	0	0	0	0	0	0	0	0	0	0	0	0	0	0	0	0	0	0	0	0	0	0	0	0	0	0	0	0	0	0	0	0	0	0	0	0	0	0	0	0	0	0	0	0	0	0	0	0	0	0	0	0	0	0	0	0	0	0	0	0	0	0	0	0	0	0	0	0	0	0	0	0	0	0	0	0	0	0	0	0	0	0	0	0	0	0	0	0	0	
R.png
1	8	16	20	24	35	27	33	37	37	47	43	53	55	49	51	52	61	62	61	64	70	66	68	70	78	81	78	78	88	78	77	72	69	69	67	68	69	69	69	66	71	70	70	69	66	69	69	69	69	73	71	69	72	76	95	91	105	100	112	117	122	125	131	133	147	142	151	170	158	166	167	187	188	188	169	164	163	151	153	156	144	155	138	147	139	124	125	103	119	97	97	92	77	89	72	70	66	53	62	44	52	37	36	34	22	27	17	14	11	7	5	4	1	0	0	0	0	0	0	0	0	0	0	0	0	0	0	0	0	0	0	0	0	0	0	0	0	0	0	0	0	0	0	0	0	0	0	0	0	0	0	0	0	0	0	0	0	0	0	0	0	0	0	0	0	0	0	0	0	0	0	0	0	0	0	0	0	0	0	0	0	0	0	0	0	0	0	0	0	0	0	0	0	0	0	
S.png
1	8	16	20	24	40	36	48	56	56	61	44	53	55	45	47	43	47	48	46	43	47	44	43	44	48	47	42	44	44	47	47	48	46	52	47	48	49	53	51	47	55	52	57	54	50	56	53	61	55	64	61	53	68	54	73	61	63	75	71	80	77	87	88	95	156	181	211	230	216	242	218	240	228	221	214	219	204	198	188	193	173	148	101	94	61	33	16	8	3	0	0	0	0	0	0	0	0	0	0	0	0	0	0	0	0	0	0	0	0	0	0	0	0	0	0	0	0	0	0	0	0	0	0	0	0	0	0	0	0	0	0	0	0	0	0	0	0	0	0	0	0	0	0	0	0	0	0	0	0	0	0	0	0	0	0	0	0	0	0	0	0	0	0	0	0	0	0	0	0	0	0	0	0	0	0	0	0	0	0	0	0	0	0	0	0	0	0	0	0	0	0	0	0	0	0	0	0	0	0	0	0	0	0	
T.png
1	8	16	20	24	40	36	48	56	56	68	55	58	54	50	48	44	50	52	44	44	50	44	44	44	48	48	44	44	44	44	46	48	44	44	44	44	44	44	44	44	48	44	44	44	44	44	44	44	44	48	44	44	44	44	44	44	44	44	44	44	46	44	44	44	44	44	44	44	44	44	44	44	44	47	35	43	49	55	61	69	73	79	81	85	95	99	97	101	115	109	117	119	127	102	90	86	88	78	80	70	66	66	52	50	44	40	36	28	28	22	16	12	8	4	0	0	0	0	0	0	0	0	0	0	0	0	0	0	0	0	0	0	0	0	0	0	0	0	0	0	0	0	0	0	0	0	0	0	0	0	0	0	0	0	0	0	0	0	0	0	0	0	0	0	0	0	0	0	0	0	0	0	0	0	0	0	0	0	0	0	0	0	0	0	0	0	0	0	0	0	0	0	0	0	0	0	0	0	0	0	0	0	0	
U.png
0	0	0	0	0	0	0	0	0	0	0	0	0	0	0	0	0	0	0	0	0	0	0	0	0	0	0	0	0	0	0	0	0	0	0	17	23	48	60	72	78	90	100	110	116	116	130	138	146	151	173	168	164	193	179	219	177	180	169	151	169	146	150	153	143	180	161	196	192	172	195	166	189	172	168	167	162	167	148	150	150	135	128	102	53	43	34	31	23	22	16	13	7	4	1	0	0	0	0	0	0	0	0	0	0	0	0	0	0	0	0	0	0	0	0	0	0	0	0	0	0	0	0	0	0	0	0	0	0	0	0	0	0	0	0	0	0	0	0	0	0	0	0	0	0	0	0	0	0	0	0	0	0	0	0	0	0	0	0	0	0	0	0	0	0	0	0	0	0	0	0	0	0	0	0	0	0	0	0	0	0	0	0	0	0	0	0	0	0	0	0	0	0	0	0	0	0	0	0	0	0	0	0	0	0	0	
V.png
0	0	0	0	0	0	0	0	0	0	0	0	0	0	0	7	19	34	43	50	55	69	70	74	84	98	107	101	108	124	126	139	136	144	161	138	141	120	134	116	102	112	102	109	96	90	101	95	98	92	98	90	84	97	85	95	84	84	89	76	87	77	82	79	73	83	72	78	75	67	79	67	76	67	71	67	63	50	40	47	43	42	47	41	47	44	40	48	39	43	45	37	39	29	27	25	21	16	14	11	8	5	1	0	0	0	0	0	0	0	0	0	0	0	0	0	0	0	0	0	0	0	0	0	0	0	0	0	0	0	0	0	0	0	0	0	0	0	0	0	0	0	0	0	0	0	0	0	0	0	0	0	0	0	0	0	0	0	0	0	0	0	0	0	0	0	0	0	0	0	0	0	0	0	0	0	0	0	0	0	0	0	0	0	0	0	0	0	0	0	0	0	0	0	0	0	0	0	0	0	0	0	0	0	
W.png
0	0	0	0	0	0	0	0	0	0	2	15	28	40	44	52	54	70	74	78	82	99	94	88	91	82	80	67	61	73	66	66	60	64	62	57	64	57	61	59	53	65	53	69	83	103	119	130	144	150	166	169	165	185	180	211	196	207	201	187	182	159	153	147	130	124	103	109	114	89	82	77	75	66	59	51	51	46	41	42	43	39	43	38	46	39	39	44	34	42	31	29	29	20	22	18	12	12	10	4	2	0	0	0	0	0	0	0	0	0	0	0	0	0	0	0	0	0	0	0	0	0	0	0	0	0	0	0	0	0	0	0	0	0	0	0	0	0	0	0	0	0	0	0	0	0	0	0	0	0	0	0	0	0	0	0	0	0	0	0	0	0	0	0	0	0	0	0	0	0	0	0	0	0	0	0	0	0	0	0	0	0	0	0	0	0	0	0	0	0	0	0	0	0	0	0	0	0	0	0	0	0	0	0	
X.png
1	8	16	20	24	40	36	48	56	56	68	61	77	81	74	78	72	88	81	80	78	82	77	72	81	84	86	75	67	87	72	87	70	79	83	69	82	70	84	77	67	84	77	84	76	70	79	77	80	74	79	81	74	82	73	82	78	75	75	80	78	80	73	82	77	74	78	78	82	77	72	80	86	75	76	69	86	77	76	77	83	81	74	73	82	84	77	78	72	82	66	58	54	39	39	33	25	19	16	13	4	0	0	0	0	0	0	0	0	0	0	0	0	0	0	0	0	0	0	0	0	0	0	0	0	0	0	0	0	0	0	0	0	0	0	0	0	0	0	0	0	0	0	0	0	0	0	0	0	0	0	0	0	0	0	0	0	0	0	0	0	0	0	0	0	0	0	0	0	0	0	0	0	0	0	0	0	0	0	0	0	0	0	0	0	0	0	0	0	0	0	0	0	0	0	0	0	0	0	0	0	0	0	0	0	0	
Y.png
1	8	16	20	24	40	36	48	56	56	68	63	73	72	64	62	56	66	68	60	59	66	57	57	60	63	63	56	54	62	56	63	56	59	61	52	60	55	66	59	55	64	58	64	56	57	61	56	60	56	60	60	54	60	55	62	57	55	60	62	60	59	56	61	60	58	58	59	61	57	54	59	61	37	37	31	40	37	36	39	40	40	36	37	41	41	37	38	34	41	34	30	28	22	21	18	12	12	8	5	5	1	0	0	0	0	0	0	0	0	0	0	0	0	0	0	0	0	0	0	0	0	0	0	0	0	0	0	0	0	0	0	0	0	0	0	0	0	0	0	0	0	0	0	0	0	0	0	0	0	0	0	0	0	0	0	0	0	0	0	0	0	0	0	0	0	0	0	0	0	0	0	0	0	0	0	0	0	0	0	0	0	0	0	0	0	0	0	0	0	0	0	0	0	
Z.png
1	8	16	20	24	40	36	48	56	53	56	45	48	50	42	43	40	46	44	42	40	46	38	36	42	45	44	38	37	44	39	44	36	39	44	35	45	35	48	40	35	43	38	44	37	39	42	38	45	37	44	38	34	41	35	46	39	38	42	41	42	39	38	61	68	107	116	130	153	151	165	167	188	191	189	199	209	208	212	214	234	231	236	210	200	205	169	145	126	131	105	94	82	73	65	54	42	35	23	19	13	7	4	0	0	0	0	0	0	0	0	0	0	0	0	0	0	0	0	0	0	0	0	0	0	0	0	0	0	0	0	0	0	0	0	0	0	0	0	0	0	0	0	0	0	0	0	0	0	0	0	0	0	0	0	0	0	0	0	0	0	0	0	0	0	0	0	0	0	0	0	0	0	0	0	0	0	0	0	0	0	0	0	0	0	0	0	0	0	0	0	0	0	0	0	0	0	0	0	0	0	0	0	0	0	0	0	0	0	0	
init finished
image is loaded
starting find characters
segmented
finded char
0	0	0	0	0	0	0	0	3	5	13	15	20	26	25	30	33	39	43	45	47	57	54	56	60	70	72	71	72	76	65	67	60	58	62	56	57	54	59	58	50	57	54	59	52	50	56	53	56	51	53	56	49	58	50	60	51	53	55	55	61	56	58	61	62	69	66	87	115	116	116	120	126	148	153	155	168	165	171	170	184	177	178	172	167	172	144	125	114	122	110	113	84	77	66	54	49	46	37	32	23	22	17	10	6	2	0	0	0	0	0	0	0	0	0	0	0	0	0	0	0	0	0	0	0	0	0	0	0	0	0	0	0	0	0	0	0	0	0	0	0	0	0	0	0	0	0	0	0	0	0	0	0	0	0	0	0	0	0	0	0	0	0	0	0	0	0	0	0	0	0	0	0	0	0	0	0	0	0	0	0	0	0	0	0	0	0	0	0	0	0	0	0	0	0	0	0	0	0	0	0	0	0	0	0	0	
0th! percent is 6365
1th! percent is 4080
2th! percent is 543
3th! percent is 3851
4th! percent is 5545
5th! percent is 1688
6th! percent is 5166
7th! percent is 3877
8th! percent is 4677
9th! percent is 5013
10th! percent is 5524
11th! percent is 4215
12th! percent is 6266
13th! percent is 5730
14th! percent is 9372
15th! percent is 5536
16th! percent is 6127
17th! percent is 4914
18th! percent is 6315
19th! percent is 3049
20th! percent is 3413
21th! percent is 6820
22th! percent is 5323
23th! percent is 5647
24th! percent is 9653
25th! percent is 3233
26th! percent is 5808
27th! percent is 2702
28th! percent is 3758
29th! percent is 3842
30th! percent is 5950
31th! percent is 4643
32th! percent is 5422
33th! percent is 3637
34th! percent is 3828
35th! percent is 2345
Zall characters are founded
